0 1 10 11 12 13 7 14 -5 18 -4 -2 8 16 9 19 -3 15 17 6
0 1 11 10 12 13 14 15 -5 16 4 18 6 -8 9 7 2 -17 3
0 1 -6 10 11 12 13 14 15 16 17 18 5 2 8 19 -9 3 4 -7
0 1 10 11 12 3 13 14 15 16 17 18 5 19 2 4 -9 6 7
0 1 10 2 11 19 14 15 12 13 6 17 16 18 3 5 -7 9 8
0 1 10 11 12 13 14 15 -7 16 -72 17 43 -5 18 19 2 20 21 22 42 -23 -40 -50 -37 60 -24 35 -64 39 46 32 56 -48 -45 -8 -62 -67 -63 55 -41 -58 -57 38 -51 -4 44 25 -26 -69 70 -6 -68 3 74 30 -52 -9 71 54 -27 34 53 -66 33 -47 -49 -65 29 -28 31 -61 73 36
0 1 30 51 10 12 59 11 61 45 3 36 56 13 35 64 34 5 71 70 18 69 48 57 39 62 66 24 49 9 14 4 40 17 -15 47 26 55 54 50 65 53 25 33 22 43 7 19 63 67 37 20 16 32 41 2 52 42 46 27 31 21 28 73 6 44 60 23 29 72 38 58 68 74 8
0 1 10 11 12 13 14 -61 15 -50 65 70 56 16 63 -71 17 68 -54 4 18 19 2 31 69 -67 20 -62 3 21 -8 -36 22 43 23 -49 55 -32 35 -59 45 27 73 26 58 -46 -9 41 -72 7 29 44 5 -60 -74 33 48 -47 -51 -53 40 34 -6 24 38 52 25 28 30 39 -42
0 1 10 -68 11 12 43 13 70 14 15 28 32 16 17 36 30 20 3 -71 22 45 54 29 66 -67 37 52 -60 9 21 62 44 47 48 33 -8 69 57 27 26 24 46 55 18 41 23 -74 42 51 58 -7 4 53 19 -6 63 -65 25 5 56 2 31 34 -73 35 50 -72 38 39 40 49 59 64
0 1 10 11 12 13 14 15 16 72 17 -65 20 18 6 43 29 36 41 42 23 34 9 -68 38 40 4 30 19 62 47 67 48 37 50 44 2 35 5 3 21 22 -24 58 49 56 25 59 60 39 -74 -64 31 66 57 32 -73 51 33 45 -69 71 52 46 -8 55 26 27 28 53 54 61 63
0 1 10 11 12 13 14 -6 24 18 15 16 17 19 2 -20 -57 -60 33 -40 62 22 -42 27 9 3 59 -45 25 -39 -49 46 -54 47 35 68 8 29 56 5 74 23 21 -67 26 28 73 -7 53 -4 -63 37 31 -52 34 -72 -61 70 -48 -64 51 -36 -30 -71 -38 -58 32 55 -44 -50 -66
0 1 13 10 14 11 12 15 16 44 17 18 45 71 65 27 19 48 2 31 9 4 20 62 24 68 21 22 23 5 30 55 39 61 60 38 50 28 3 57 34 54 41 53 52 -70 63 49 25 72 43 -67 26 51 36 47 74 59 33 40 6 29 46 64 32 35 37 42 56 58 66 73
0 1 10 11 12 13 55 40 28 -66 49 14 19 15 2 44 32 61 33 58 74 23 62 71 22 27 20 16 17 -72 18 21 24 51 48 6 4 9 36 57 37 43 52 50 38 3 35 73 56 34 -70 68 31 30 5 25 26 8 29 45 39 41 42 69 46 47 7 53 54 59 60 63 67
0 1 10 11 12 13 14 15 54 16 17 42 18 19 2 20 21 51 62 22 -9 49 47 23 31 7 34 4 33 24 -8 25 53 26 57 41 46 60 27 3 28 32 50 29 48 30 35 63 36 5 73 59 40 52 37 6 70 44 68 55 74 38 39 66 58 43 45 56 61 64 65 67 69 71 -72
0 1 10 11 12 13 14 2 65 15 7 16 27 25 45 62 29 31 50 -71 17 18 38 30 63 35 -69 19 51 23 20 47 21 5 33 22 -24 41 3 60 44 42 37 52 43 34 55 -8 32 28 46 73 66 26 -9 -57 -61 72 74 70 59 49 40 48 36 39 4 53 54 67 56
